588 1001
460 1002
1111 1003
352 1004
133 1005
342 1006
1487 1007
919 1008
102 1009
937 1010
846 1011
1416 1012
541 1013
697 1014
492 1015
336 1016
915 1017
52 1018
935 1019
1333 1020
1047 1021
6 1022
292 1023
309 1024
171 1025
601 1026
98 1027
373 1028
1018 1029
434 1030
127 1031
638 1032
535 1033
1475 1034
482 1035
11 1036
410 1037
573 1038
340 1039
47 1040
296 1041
879 1042
488 1043
668 1044
1233 1045
793 1046
876 1047
927 1048
1522 1049
1324 1050
476 1051
645 1052
22 1053
1126 1054
14 1055
1326 1056
904 1057
1032 1058
1388 1059
608 1060
761 1061
1241 1062
906 1063
561 1064
302 1065
744 1066
749 1067
1054 1068
1224 1069
795 1070
99 1071
1441 1072
764 1073
909 1074
77 1075
756 1076
8 1077
709 1078
964 1079
251 1080
338 1081
1211 1082
1000 1083
889 1084
597 1085
458 1086
1137 1087
1034 1088
633 1089
1274 1090
820 1091
199 1092
217 1093
922 1094
631 1095
602 1096
1091 1097
781 1098
389 1099
1439 1100
1271 1101
124 1102
258 1103
68 1104
1188 1105
1442 1106
917 1107
394 1108
489 1109
1028 1110
888 1111
1095 1112
891 1113
76 1114
925 1115
1187 1116
655 1117
753 1118
2 1119
189 1120
1468 1121
192 1122
1107 1123
286 1124
1483 1125
1335 1126
836 1127
807 1128
853 1129
899 1130
446 1131
605 1132
1489 1133
877 1134
461 1135
1128 1136
1100 1137
438 1138
196 1139
947 1140
1161 1141
579 1142
1438 1143
322 1144
45 1145
239 1146
1132 1147
1011 1148
1042 1149
530 1150
691 1151
875 1152
862 1153
1620 1154
1509 1155
419 1156
86 1157
1216 1158
246 1159
1061 1160
129 1161
596 1162
421 1163
883 1164
1142 1165
62 1166
921 1167
1055 1168
465 1169
1296 1170
1009 1171
1297 1172
1517 1173
112 1174
351 1175
593 1176
173 1177
1386 1178
1213 1179
498 1180
207 1181
621 1182
841 1183
260 1184
435 1185
1076 1186
468 1187
731 1188
363 1189
210 1190
347 1191
1367 1192
1105 1193
1409 1194
954 1195
16 1196
1262 1197
712 1198
1303 1199
494 1200
384 1201
860 1202
493 1203
682 1204
884 1205
263 1206
166 1207
291 1208
829 1209
1058 1210
558 1211
1615 1212
1057 1213
1109 1214
437 1215
1129 1216
1140 1217
1245 1218
339 1219
219 1220
945 1221
924 1222
1419 1223
642 1224
825 1225
503 1226
594 1227
416 1228
713 1229
1014 1230
517 1231
505 1232
380 1233
433 1234
483 1235
681 1236
607 1237
1048 1238
959 1239
31 1240
1288 1241
732 1242
37 1243
221 1244
824 1245
1059 1246
48 1247
1007 1248
570 1249
529 1250
609 1251
584 1252
878 1253
113 1254
663 1255
436 1256
97 1257
1529 1258
46 1259
729 1260
1435 1261
1205 1262
540 1263
1170 1264
300 1265
1444 1266
1473 1267
1052 1268
538 1269
287 1270
393 1271
405 1272
554 1273
1039 1274
1346 1275
1050 1276
232 1277
359 1278
130 1279
487 1280
571 1281
1237 1282
472 1283
920 1284
546 1285
307 1286
391 1287
215 1288
572 1289
812 1290
1243 1291
324 1292
216 1293
550 1294
687 1295
415 1296
760 1297
828 1298
859 1299
811 1300
1466 1301
188 1302
1181 1303
1287 1304
874 1305
223 1306
787 1307
586 1308
28 1309
330 1310
1252 1311
531 1312
976 1313
320 1314
801 1315
591 1316
965 1317
399 1318
768 1319
948 1320
194 1321
520 1322
894 1323
1005 1324
968 1325
574 1326
284 1327
661 1328
931 1329
886 1330
1117 1331
1071 1332
408 1333
279 1334
559 1335
269 1336
799 1337
1112 1338
283 1339
135 1340
974 1341
361 1342
1045 1343
806 1344
341 1345
1053 1346
214 1347
727 1348
1456 1349
402 1350
100 1351
121 1352
1092 1353
1118 1354
701 1355
1379 1356
79 1357
743 1358
1194 1359
144 1360
630 1361
1141 1362
1069 1363
916 1364
619 1365
526 1366
224 1367
372 1368
1004 1369
164 1370
1380 1371
1030 1372
104 1373
952 1374
983 1375
524 1376
1353 1377
471 1378
991 1379
1412 1380
162 1381
1175 1382
33 1383
335 1384
719 1385
993 1386
589 1387
150 1388
1 1389
1270 1390
106 1391
1344 1392
750 1393
849 1394
819 1395
844 1396
354 1397
1134 1398
1451 1399
617 1400
474 1401
432 1402
197 1403
511 1404
103 1405
869 1406
944 1407
1395 1408
367 1409
664 1410
971 1411
501 1412
1062 1413
555 1414
1227 1415
1302 1416
285 1417
1530 1418
7 1419
1558 1420
177 1421
728 1422
108 1423
622 1424
1008 1425
855 1426
623 1427
1295 1428
1404 1429
723 1430
1180 1431
184 1432
1425 1433
145 1434
951 1435
44 1436
1385 1437
734 1438
1427 1439
556 1440
298 1441
61 1442
1108 1443
1145 1444
110 1445
1153 1446
908 1447
673 1448
1088 1449
1127 1450
81 1451
614 1452
941 1453
1168 1454
936 1455
1291 1456
245 1457
1314 1458
724 1459
92 1460
867 1461
1239 1462
69 1463
790 1464
534 1465
278 1466
1212 1467
32 1468
1152 1469
882 1470
403 1471
379 1472
53 1473
229 1474
722 1475
1405 1476
1440 1477
439 1478
998 1479
132 1480
169 1481
969 1482
136 1483
305 1484
376 1485
985 1486
1305 1487
1407 1488
51 1489
65 1490
496 1491
295 1492
163 1493
80 1494
714 1495
368 1496
481 1497
321 1498
1098 1499
1147 1500
953 1501
36 1502
1002 1503
308 1504
70 1505
165 1506
397 1507
544 1508
689 1509
702 1510
1368 1511
303 1512
462 1513
1169 1514
1178 1515
1121 1516
13 1517
206 1518
331 1519
147 1520
259 1521
257 1522
1248 1523
938 1524
329 1525
625 1526
1471 1527
699 1528
603 1529
424 1530
1082 1531
926 1532
299 1533
369 1534
313 1535
478 1536
38 1537
832 1538
1459 1539
880 1540
1025 1541
101 1542
479 1543
1299 1544
970 1545
613 1546
646 1547
450 1548
562 1549
1066 1550
679 1551
1083 1552
201 1553
765 1554
1015 1555
1101 1556
977 1557
447 1558
1437 1559
545 1560
986 1561
854 1562
902 1563
1376 1564
350 1565
420 1566
582 1567
243 1568
514 1569
542 1570
785 1571
1077 1572
203 1573
835 1574
551 1575
118 1576
1116 1577
71 1578
67 1579
733 1580
497 1581
1396 1582
4 1583
791 1584
1070 1585
94 1586
618 1587
83 1588
371 1589
1072 1590
873 1591
1285 1592
547 1593
390 1594
348 1595
840 1596
604 1597
1328 1598
138 1599
88 1600
73 1601
1217 1602
1046 1603
1313 1604
220 1605
19 1606
1202 1607
82 1608
499 1609
1336 1610
737 1611
717 1612
1089 1613
665 1614
142 1615
683 1616
128 1617
3 1618
680 1619
866 1620
1094 1621
580 1622
20 1623
1086 1624
191 1625
425 1626
1139 1627
1207 1628
720 1629
58 1630
318 1631
803 1632
183 1633
512 1634
821 1635
1197 1636
802 1637
1099 1638
1021 1639
816 1640
1555 1641
1247 1642
1006 1643
55 1644
204 1645
1225 1646
17 1647
1023 1648
109 1649
205 1650
590 1651
12 1652
1540 1653
739 1654
962 1655
706 1656
275 1657
34 1658
1231 1659
429 1660
1120 1661
200 1662
610 1663
887 1664
612 1665
9 1666
648 1667
174 1668
349 1669
1265 1670
233 1671
1131 1672
407 1673
515 1674
815 1675
1397 1676
1383 1677
312 1678
1221 1679
491 1680
455 1681
1534 1682
905 1683
1135 1684
1036 1685
228 1686
96 1687
527 1688
1282 1689
267 1690
356 1691
236 1692
175 1693
1182 1694
306 1695
289 1696
549 1697
74 1698
27 1699
1184 1700
1068 1701
834 1702
337 1703
1264 1704
1209 1705
448 1706
912 1707
1263 1708
620 1709
89 1710
928 1711
1115 1712
632 1713
826 1714
949 1715
353 1716
1322 1717
644 1718
518 1719
323 1720
1394 1721
1190 1722
213 1723
1415 1724
569 1725
669 1726
508 1727
918 1728
1316 1729
227 1730
240 1731
647 1732
441 1733
778 1734
567 1735
294 1736
43 1737
1597 1738
1234 1739
771 1740
1496 1741
843 1742
156 1743
56 1744
248 1745
901 1746
365 1747
314 1748
383 1749
208 1750
958 1751
423 1752
1038 1753
1022 1754
929 1755
513 1756
735 1757
754 1758
1411 1759
658 1760
290 1761
225 1762
122 1763
1284 1764
979 1765
328 1766
401 1767
364 1768
427 1769
1063 1770
536 1771
779 1772
1272 1773
395 1774
700 1775
117 1776
747 1777
1301 1778
176 1779
967 1780
1193 1781
387 1782
933 1783
557 1784
146 1785
1421 1786
1079 1787
898 1788
587 1789
641 1790
792 1791
1043 1792
676 1793
404 1794
516 1795
254 1796
685 1797
667 1798
1479 1799
114 1800
564 1801
59 1802
730 1803
168 1804
249 1805
755 1806
281 1807
688 1808
581 1809
523 1810
91 1811
1172 1812
1226 1813
966 1814
800 1815
871 1816
553 1817
885 1818
1003 1819
301 1820
95 1821
374 1822
864 1823
865 1824
400 1825
49 1826
831 1827
265 1828
684 1829
532 1830
334 1831
715 1832
675 1833
690 1834
892 1835
1019 1836
1203 1837
179 1838
1183 1839
1258 1840
244 1841
288 1842
1312 1843
696 1844
789 1845
362 1846
694 1847
250 1848
1428 1849
963 1850
660 1851
650 1852
1114 1853
382 1854
1160 1855
1375 1856
1267 1857
1268 1858
1148 1859
1124 1860
942 1861
698 1862
1075 1863
657 1864
721 1865
50 1866
93 1867
1273 1868
692 1869
1215 1870
1073 1871
495 1872
1279 1873
1286 1874
463 1875
1598 1876
1174 1877
1462 1878
325 1879
237 1880
775 1881
629 1882
943 1883
914 1884
422 1885
414 1886
615 1887
707 1888
1060 1889
1138 1890
671 1891
428 1892
366 1893
255 1894
746 1895
1195 1896
577 1897
457 1898
870 1899
783 1900
903 1901
469 1902
155 1903
456 1904
1251 1905
990 1906
1044 1907
1311 1908
417 1909
360 1910
923 1911
774 1912
653 1913
1165 1914
823 1915
980 1916
1206 1917
459 1918
84 1919
158 1920
326 1921
863 1922
710 1923
934 1924
477 1925
578 1926
585 1927
978 1928
1524 1929
568 1930
72 1931
475 1932
1503 1933
1154 1934
745 1935
107 1936
500 1937
649 1938
507 1939
1315 1940
766 1941
64 1942
273 1943
1204 1944
1454 1945
656 1946
995 1947
628 1948
521 1949
1097 1950
111 1951
198 1952
1176 1953
1150 1954
1177 1955
736 1956
950 1957
473 1958
1495 1959
759 1960
932 1961
693 1962
659 1963
890 1964
805 1965
1281 1966
1300 1967
343 1968
651 1969
1192 1970
592 1971
1240 1972
490 1973
60 1974
75 1975
955 1976
845 1977
266 1978
1269 1979
1230 1980
1219 1981
454 1982
1163 1983
741 1984
1512 1985
1469 1986
576 1987
172 1988
418 1989
370 1990
1511 1991
726 1992
1013 1993
1149 1994
893 1995
509 1996
984 1997
1434 1998
125 1999
226 2000
1278 2001
1591 2002
796 2003
1208 2004
772 2005
141 2006
780 2007
120 2008
449 2009
54 2010
315 2011
563 2012
975 2013
140 2014
548 2015
1232 2016
1029 2017
159 2018
1399 2019
115 2020
640 2021
261 2022
310 2023
1033 2024
452 2025
762 2026
1514 2027
982 2028
972 2029
149 2030
837 2031
170 2032
317 2033
426 2034
157 2035
377 2036
385 2037
276 2038
218 2039
634 2040
794 2041
411 2042
181 2043
412 2044
148 2045
1501 2046
1253 2047
1093 2048
560 2049
961 2050
444 2051
327 2052
752 2053
946 2054
506 2055
234 2056
1478 2057
552 2058
195 2059
271 2060
1085 2061
1051 2062
345 2063
21 2064
1037 2065
167 2066
126 2067
160 2068
900 2069
1406 2070
470 2071
242 2072
666 2073
842 2074
1067 2075
1449 2076
211 2077
810 2078
1592 2079
1136 2080
1474 2081
1010 2082
277 2083
87 2084
212 2085
1151 2086
66 2087
78 2088
939 2089
453 2090
185 2091
1298 2092
1470 2093
989 2094
797 2095
703 2096
1016 2097
708 2098
35 2099
997 2100
639 2101
716 2102
274 2103
90 2104
748 2105
484 2106
25 2107
304 2108
1167 2109
344 2110
1392 2111
1531 2112
1283 2113
26 2114
960 2115
809 2116
39 2117
222 2118
63 2119
769 2120
1159 2121
1173 2122
451 2123
413 2124
1143 2125
358 2126
1090 2127
154 2128
1087 2129
1031 2130
256 2131
872 2132
375 2133
270 2134
782 2135
1162 2136
1214 2137
268 2138
29 2139
161 2140
398 2141
848 2142
1113 2143
738 2144
798 2145
272 2146
480 2147
637 2148
786 2149
1401 2150
445 2151
678 2152
41 2153
139 2154
443 2155
1244 2156
1393 2157
1255 2158
543 2159
1049 2160
440 2161
1400 2162
85 2163
1185 2164
137 2165
606 2166
42 2167
230 2168
502 2169
186 2170
386 2171
1171 2172
193 2173
1164 2174
695 2175
467 2176
1276 2177
1084 2178
333 2179
1103 2180
253 2181
134 2182
740 2183
1280 2184
981 2185
565 2186
813 2187
533 2188
1246 2189
392 2190
818 2191
705 2192
1210 2193
1199 2194
1218 2195
895 2196
280 2197
152 2198
808 2199
1277 2200
282 2201
827 2202
525 2203
751 2204
431 2205
662 2206
1078 2207
388 2208
202 2209
1527 2210
833 2211
635 2212
627 2213
522 2214
504 2215
1024 2216
1480 2217
311 2218
319 2219
1040 2220
1446 2221
24 2222
355 2223
346 2224
190 2225
264 2226
1012 2227
252 2228
1200 2229
430 2230
409 2231
636 2232
105 2233
178 2234
1355 2235
209 2236
1242 2237
776 2238
23 2239
1035 2240
1413 2241
1266 2242
856 2243
1254 2244
674 2245
151 2246
881 2247
583 2248
652 2249
1426 2250
238 2251
1518 2252
896 2253
611 2254
153 2255
466 2256
528 2257
396 2258
1001 2259
241 2260
406 2261
1041 2262
1289 2263
293 2264
758 2265
1249 2266
725 2267
1238 2268
539 2269
1229 2270
187 2271
956 2272
595 2273
235 2274
1381 2275
378 2276
566 2277
996 2278
10 2279
1294 2280
1102 2281
316 2282
486 2283
654 2284
1020 2285
332 2286
30 2287
847 2288
116 2289
40 2290
537 2291
930 2292
247 2293
1222 2294
1220 2295
742 2296
940 2297
231 2298
182 2299
18 2300
464 2301
357 2302
1056 2303
670 2304
262 2305
868 2306
1017 2307
485 2308
988 2309
1065 2310
1157 2311
1179 2312
1250 2313
519 2314
1166 2315
763 2316
616 2317
143 2318
999 2319
297 2320
994 2321
381 2322
767 2323
15 2324
180 2325
575 2326
704 2327
1228 2328
718 2329
1074 2330
770 2331
1133 2332
624 2333
510 2334
1119 2335
672 2336
1431 2337
123 2338
773 2339
1198 2340
686 2341
1081 2342
804 2343
1378 2344
5 2345
1337 2346
57 2347
1110 2348
131 2349
