259 1
851 2
712 3
119 4
640 5
594 6
23 7
276 8
913 9
532 10
821 11
291 12
157 13
817 14
195 15
756 16
893 17
933 18
543 19
506 20
346 21
21 22
130 23
297 24
621 25
1 26
860 27
342 28
76 29
833 30
407 31
941 32
870 33
30 34
397 35
188 36
113 37
793 38
422 39
658 40
275 41
337 42
759 43
703 44
221 45
24 46
279 47
452 48
145 49
468 50
798 51
919 52
268 53
514 54
265 55
633 56
612 57
287 58
597 59
738 60
67 61
118 62
671 63
943 64
490 65
35 66
693 67
517 68
779 69
207 70
233 71
172 72
691 73
152 74
5 75
92 76
593 77
307 78
300 79
398 80
760 81
319 82
837 83
694 84
634 85
63 86
839 87
286 88
684 89
102 90
364 91
477 92
382 93
715 94
912 95
770 96
43 97
472 98
777 99
802 100
661 101
886 102
200 103
496 104
725 105
711 106
761 107
453 108
554 109
764 110
772 111
402 112
82 113
601 114
343 115
182 116
116 117
875 118
306 119
664 120
647 121
81 122
881 123
330 124
689 125
367 126
638 127
416 128
735 129
937 130
160 131
289 132
680 133
518 134
884 135
372 136
404 137
692 138
270 139
522 140
14 141
68 142
148 143
824 144
50 145
538 146
373 147
868 148
175 149
901 150
180 151
721 152
101 153
331 154
864 155
430 156
719 157
71 158
708 159
309 160
844 161
463 162
391 163
371 164
218 165
173 166
292 167
222 168
299 169
812 170
162 171
606 172
386 173
16 174
336 175
534 176
294 177
900 178
431 179
314 180
10 181
568 182
792 183
670 184
484 185
250 186
575 187
473 188
55 189
44 190
464 191
929 192
823 193
455 194
815 195
736 196
762 197
425 198
323 199
150 200
497 201
626 202
847 203
749 204
653 205
447 206
213 207
635 208
699 209
22 210
763 211
274 212
483 213
357 214
181 215
267 216
451 217
140 218
138 219
186 220
257 221
227 222
154 223
927 224
470 225
533 226
95 227
562 228
65 229
552 230
799 231
122 232
283 233
862 234
212 235
651 236
8 237
853 238
888 239
605 240
64 241
641 242
155 243
62 244
237 245
921 246
583 247
876 248
376 249
48 250
370 251
906 252
419 253
310 254
558 255
302 256
211 257
338 258
895 259
503 260
785 261
385 262
321 263
590 264
707 265
797 266
47 267
415 268
361 269
804 270
89 271
426 272
53 273
728 274
843 275
406 276
750 277
685 278
615 279
791 280
572 281
469 282
754 283
85 284
125 285
748 286
272 287
15 288
527 289
632 290
858 291
479 292
902 293
614 294
187 295
349 296
303 297
351 298
355 299
295 300
194 301
740 302
768 303
151 304
165 305
627 306
467 307
930 308
733 309
139 310
225 311
494 312
277 313
686 314
678 315
459 316
86 317
249 318
535 319
78 320
781 321
581 322
417 323
20 324
390 325
849 326
427 327
412 328
908 329
202 330
904 331
242 332
403 333
446 334
672 335
539 336
262 337
624 338
716 339
569 340
315 341
123 342
855 343
709 344
135 345
882 346
438 347
486 348
326 349
87 350
108 351
810 352
894 353
545 354
389 355
553 356
282 357
819 358
449 359
12 360
555 361
231 362
128 363
413 364
492 365
805 366
560 367
243 368
897 369
72 370
378 371
803 372
232 373
867 374
629 375
745 376
117 377
18 378
177 379
158 380
666 381
437 382
865 383
907 384
880 385
889 386
216 387
939 388
83 389
730 390
789 391
765 392
360 393
923 394
374 395
608 396
103 397
203 398
577 399
290 400
230 401
557 402
159 403
98 404
723 405
563 406
379 407
795 408
109 409
662 410
324 411
433 412
244 413
771 414
758 415
825 416
628 417
910 418
916 419
316 420
424 421
878 422
788 423
394 424
37 425
54 426
928 427
599 428
579 429
45 430
706 431
742 432
525 433
829 434
409 435
42 436
115 437
744 438
690 439
220 440
281 441
196 442
114 443
570 444
861 445
743 446
192 447
153 448
456 449
887 450
137 451
106 452
13 453
668 454
31 455
566 456
347 457
549 458
498 459
28 460
454 461
69 462
710 463
301 464
556 465
256 466
540 467
36 468
827 469
648 470
450 471
536 472
399 473
350 474
429 475
806 476
457 477
890 478
567 479
529 480
652 481
755 482
732 483
622 484
592 485
697 486
877 487
136 488
854 489
29 490
178 491
786 492
439 493
637 494
917 495
460 496
52 497
582 498
499 499
208 500
850 501
255 502
129 503
519 504
6 505
60 506
501 507
718 508
589 509
571 510
476 511
442 512
209 513
550 514
705 515
891 516
857 517
487 518
84 519
51 520
443 521
149 522
185 523
465 524
596 525
238 526
509 527
66 528
80 529
46 530
604 531
131 532
57 533
523 534
502 535
727 536
32 537
813 538
724 539
395 540
508 541
530 542
199 543
617 544
541 545
500 546
607 547
226 548
846 549
808 550
75 551
586 552
70 553
170 554
201 555
899 556
580 557
298 558
493 559
435 560
688 561
296 562
198 563
920 564
657 565
97 566
168 567
524 568
352 569
665 570
58 571
679 572
737 573
783 574
924 575
311 576
127 577
96 578
790 579
318 580
935 581
521 582
869 583
700 584
248 585
141 586
925 587
717 588
396 589
687 590
77 591
320 592
544 593
940 594
344 595
345 596
246 597
304 598
905 599
340 600
112 601
414 602
362 603
328 604
513 605
746 606
546 607
17 608
520 609
677 610
284 611
461 612
681 613
845 614
814 615
19 616
769 617
380 618
405 619
147 620
642 621
630 622
400 623
99 624
526 625
826 626
258 627
885 628
836 629
702 630
584 631
859 632
240 633
561 634
481 635
573 636
271 637
25 638
94 639
428 640
619 641
537 642
176 643
528 644
264 645
731 646
251 647
305 648
462 649
698 650
288 651
811 652
458 653
166 654
696 655
174 656
388 657
359 658
254 659
387 660
348 661
542 662
892 663
375 664
598 665
434 666
739 667
936 668
609 669
595 670
9 671
576 672
110 673
848 674
531 675
838 676
914 677
751 678
896 679
578 680
241 681
322 682
655 683
482 684
800 685
515 686
510 687
210 688
308 689
327 690
393 691
879 692
674 693
436 694
504 695
126 696
654 697
474 698
332 699
820 700
49 701
224 702
144 703
206 704
156 705
871 706
59 707
832 708
205 709
898 710
74 711
926 712
143 713
104 714
757 715
600 716
631 717
872 718
245 719
682 720
646 721
773 722
2 723
774 724
512 725
34 726
73 727
410 728
505 729
495 730
874 731
602 732
747 733
142 734
610 735
93 736
564 737
673 738
695 739
366 740
713 741
293 742
787 743
40 744
841 745
217 746
644 747
193 748
239 749
105 750
3 751
863 752
219 753
228 754
478 755
164 756
432 757
369 758
675 759
120 760
663 761
235 762
408 763
368 764
471 765
726 766
184 767
507 768
620 769
511 770
588 771
236 772
444 773
466 774
124 775
801 776
261 777
133 778
285 779
260 780
778 781
41 782
341 783
834 784
445 785
313 786
741 787
734 788
915 789
591 790
903 791
401 792
339 793
623 794
835 795
775 796
190 797
234 798
828 799
559 800
822 801
794 802
667 803
171 804
411 805
441 806
852 807
931 808
809 809
88 810
565 811
392 812
485 813
548 814
333 815
659 816
161 817
354 818
669 819
491 820
934 821
383 822
660 823
840 824
61 825
480 826
752 827
842 828
163 829
866 830
616 831
613 832
639 833
932 834
625 835
720 836
107 837
169 838
358 839
79 840
384 841
132 842
574 843
722 844
585 845
942 846
418 847
547 848
516 849
488 850
273 851
278 852
377 853
263 854
365 855
766 856
618 857
26 858
938 859
7 860
831 861
420 862
489 863
780 864
650 865
100 866
90 867
784 868
121 869
873 870
423 871
704 872
753 873
39 874
353 875
356 876
197 877
215 878
91 879
649 880
922 881
643 882
269 883
317 884
701 885
636 886
252 887
475 888
146 889
830 890
767 891
183 892
325 893
856 894
363 895
782 896
214 897
27 898
334 899
440 900
223 901
191 902
335 903
253 904
776 905
229 906
611 907
329 908
111 909
883 910
312 911
280 912
816 913
134 914
818 915
448 916
11 917
909 918
603 919
33 920
918 921
4 922
645 923
179 924
421 925
266 926
656 927
204 928
38 929
807 930
796 931
56 932
676 933
381 934
551 935
167 936
714 937
911 938
587 939
247 940
189 941
683 942
729 943
