255 1001
286 1002
298 1003
185 1004
173 1005
772 1006
108 1007
288 1008
928 1009
117 1010
200 1011
405 1012
1074 1013
176 1014
210 1015
357 1016
317 1017
181 1018
98 1019
12 1020
97 1021
168 1022
154 1023
269 1024
179 1025
180 1026
475 1027
1135 1028
15 1029
121 1030
294 1031
313 1032
65 1033
748 1034
293 1035
172 1036
235 1037
762 1038
546 1039
750 1040
781 1041
147 1042
484 1043
959 1044
687 1045
696 1046
284 1047
295 1048
544 1049
473 1050
290 1051
717 1052
1014 1053
111 1054
845 1055
742 1056
824 1057
815 1058
1047 1059
1009 1060
924 1061
984 1062
881 1063
879 1064
676 1065
10 1066
291 1067
979 1068
1051 1069
818 1070
930 1071
472 1072
248 1073
123 1074
9 1075
250 1076
410 1077
109 1078
129 1079
455 1080
252 1081
760 1082
1277 1083
1089 1084
1094 1085
932 1086
828 1087
823 1088
825 1089
977 1090
1059 1091
1023 1092
1276 1093
240 1094
619 1095
112 1096
363 1097
597 1098
1028 1099
826 1100
456 1101
1337 1102
841 1103
1132 1104
1245 1105
125 1106
981 1107
1376 1108
866 1109
1254 1110
820 1111
974 1112
1291 1113
983 1114
411 1115
595 1116
925 1117
685 1118
831 1119
975 1120
412 1121
1287 1122
122 1123
1095 1124
833 1125
1034 1126
840 1127
531 1128
234 1129
160 1130
553 1131
435 1132
95 1133
128 1134
22 1135
806 1136
238 1137
132 1138
182 1139
480 1140
11 1141
192 1142
4 1143
48 1144
56 1145
161 1146
1540 1147
588 1148
204 1149
71 1150
223 1151
157 1152
406 1153
64 1154
367 1155
68 1156
79 1157
193 1158
174 1159
8 1160
228 1161
693 1162
153 1163
483 1164
23 1165
27 1166
92 1167
144 1168
564 1169
159 1170
231 1171
31 1172
17 1173
331 1174
304 1175
261 1176
307 1177
340 1178
258 1179
751 1180
271 1181
343 1182
689 1183
875 1184
1025 1185
330 1186
332 1187
346 1188
895 1189
328 1190
880 1191
299 1192
892 1193
681 1194
266 1195
680 1196
1598 1197
302 1198
339 1199
342 1200
355 1201
262 1202
301 1203
264 1204
1280 1205
352 1206
1120 1207
1258 1208
303 1209
327 1210
336 1211
682 1212
333 1213
1314 1214
353 1215
349 1216
1105 1217
690 1218
916 1219
912 1220
273 1221
310 1222
347 1223
527 1224
50 1225
591 1226
272 1227
127 1228
318 1229
1016 1230
326 1231
338 1232
1143 1233
754 1234
220 1235
1040 1236
510 1237
731 1238
417 1239
385 1240
623 1241
66 1242
969 1243
96 1244
42 1245
498 1246
402 1247
739 1248
421 1249
423 1250
692 1251
99 1252
1220 1253
812 1254
392 1255
61 1256
202 1257
215 1258
82 1259
432 1260
746 1261
195 1262
69 1263
462 1264
776 1265
88 1266
1055 1267
177 1268
785 1269
1469 1270
419 1271
660 1272
585 1273
365 1274
1503 1275
560 1276
72 1277
622 1278
73 1279
662 1280
393 1281
141 1282
584 1283
732 1284
716 1285
378 1286
949 1287
191 1288
196 1289
83 1290
59 1291
136 1292
655 1293
230 1294
404 1295
1053 1296
568 1297
941 1298
729 1299
495 1300
60 1301
506 1302
946 1303
486 1304
747 1305
431 1306
418 1307
38 1308
243 1309
178 1310
728 1311
627 1312
625 1313
542 1314
1091 1315
102 1316
768 1317
699 1318
1221 1319
366 1320
1043 1321
738 1322
399 1323
49 1324
451 1325
433 1326
63 1327
232 1328
996 1329
376 1330
790 1331
386 1332
110 1333
40 1334
783 1335
1036 1336
1037 1337
944 1338
395 1339
94 1340
734 1341
401 1342
90 1343
575 1344
26 1345
388 1346
1178 1347
722 1348
67 1349
755 1350
416 1351
465 1352
501 1353
140 1354
843 1355
420 1356
842 1357
415 1358
1480 1359
400 1360
398 1361
78 1362
794 1363
724 1364
796 1365
1119 1366
955 1367
51 1368
143 1369
142 1370
787 1371
300 1372
322 1373
323 1374
275 1375
100 1376
458 1377
741 1378
813 1379
718 1380
277 1381
237 1382
282 1383
1086 1384
7 1385
628 1386
276 1387
93 1388
222 1389
829 1390
982 1391
287 1392
274 1393
257 1394
1202 1395
827 1396
105 1397
254 1398
1244 1399
986 1400
492 1401
1153 1402
213 1403
194 1404
89 1405
511 1406
188 1407
382 1408
1101 1409
87 1410
70 1411
124 1412
199 1413
28 1414
697 1415
86 1416
658 1417
449 1418
268 1419
315 1420
259 1421
137 1422
537 1423
245 1424
54 1425
1137 1426
1197 1427
1264 1428
25 1429
24 1430
1052 1431
710 1432
616 1433
562 1434
684 1435
1263 1436
471 1437
209 1438
526 1439
931 1440
348 1441
329 1442
226 1443
550 1444
407 1445
1160 1446
1166 1447
459 1448
727 1449
354 1450
316 1451
1262 1452
1170 1453
52 1454
995 1455
1265 1456
917 1457
496 1458
170 1459
134 1460
474 1461
770 1462
81 1463
175 1464
47 1465
55 1466
461 1467
169 1468
91 1469
85 1470
580 1471
189 1472
663 1473
201 1474
53 1475
239 1476
214 1477
428 1478
1073 1479
540 1480
233 1481
2 1482
566 1483
578 1484
720 1485
62 1486
761 1487
33 1488
802 1489
373 1490
391 1491
1067 1492
778 1493
1054 1494
919 1495
14 1496
249 1497
150 1498
151 1499
952 1500
1010 1501
126 1502
926 1503
369 1504
186 1505
184 1506
292 1507
319 1508
988 1509
19 1510
515 1511
221 1512
744 1513
520 1514
242 1515
713 1516
116 1517
13 1518
408 1519
283 1520
1 1521
224 1522
961 1523
518 1524
522 1525
603 1526
414 1527
705 1528
504 1529
479 1530
183 1531
171 1532
1006 1533
32 1534
463 1535
512 1536
642 1537
652 1538
629 1539
387 1540
133 1541
145 1542
211 1543
203 1544
162 1545
528 1546
155 1547
217 1548
229 1549
216 1550
856 1551
516 1552
381 1553
1005 1554
227 1555
380 1556
219 1557
549 1558
1004 1559
780 1560
679 1561
427 1562
530 1563
541 1564
156 1565
131 1566
694 1567
678 1568
325 1569
358 1570
324 1571
260 1572
508 1573
547 1574
246 1575
225 1576
1129 1577
148 1578
3 1579
118 1580
281 1581
993 1582
1013 1583
120 1584
21 1585
763 1586
1079 1587
582 1588
469 1589
135 1590
523 1591
558 1592
57 1593
197 1594
1141 1595
939 1596
470 1597
1194 1598
647 1599
429 1600
39 1601
425 1602
356 1603
1267 1604
187 1605
46 1606
569 1607
58 1608
715 1609
735 1610
375 1611
43 1612
1213 1613
583 1614
803 1615
1232 1616
76 1617
789 1618
786 1619
854 1620
1118 1621
721 1622
1140 1623
158 1624
709 1625
1218 1626
396 1627
571 1628
384 1629
80 1630
41 1631
409 1632
241 1633
265 1634
636 1635
665 1636
576 1637
686 1638
397 1639
450 1640
1416 1641
743 1642
447 1643
218 1644
559 1645
164 1646
448 1647
5 1648
672 1649
443 1650
436 1651
379 1652
800 1653
561 1654
551 1655
669 1656
816 1657
773 1658
567 1659
624 1660
951 1661
1035 1662
1031 1663
426 1664
807 1665
44 1666
1253 1667
653 1668
77 1669
1157 1670
1046 1671
771 1672
1090 1673
552 1674
1042 1675
554 1676
1273 1677
572 1678
634 1679
198 1680
206 1681
207 1682
1131 1683
1056 1684
29 1685
759 1686
631 1687
871 1688
104 1689
1011 1690
1145 1691
809 1692
769 1693
563 1694
590 1695
1228 1696
1110 1697
586 1698
1239 1699
779 1700
1413 1701
1274 1702
1407 1703
101 1704
1240 1705
84 1706
34 1707
1044 1708
797 1709
844 1710
413 1711
774 1712
383 1713
1083 1714
1471 1715
1210 1716
1000 1717
1180 1718
801 1719
765 1720
719 1721
577 1722
364 1723
725 1724
334 1725
270 1726
890 1727
1098 1728
1081 1729
452 1730
453 1731
1172 1732
1109 1733
1208 1734
943 1735
1019 1736
74 1737
876 1738
1301 1739
649 1740
581 1741
691 1742
1199 1743
403 1744
922 1745
853 1746
1478 1747
942 1748
139 1749
640 1750
902 1751
289 1752
737 1753
1483 1754
481 1755
478 1756
596 1757
963 1758
657 1759
613 1760
656 1761
1112 1762
604 1763
430 1764
466 1765
795 1766
1207 1767
1188 1768
1428 1769
1426 1770
929 1771
592 1772
545 1773
1496 1774
834 1775
267 1776
990 1777
708 1778
305 1779
538 1780
345 1781
312 1782
898 1783
980 1784
311 1785
532 1786
864 1787
205 1788
482 1789
601 1790
570 1791
1039 1792
1470 1793
1168 1794
1217 1795
865 1796
1092 1797
368 1798
1312 1799
1162 1800
1300 1801
633 1802
251 1803
335 1804
1136 1805
535 1806
500 1807
915 1808
938 1809
477 1810
1415 1811
918 1812
1226 1813
914 1814
107 1815
485 1816
1084 1817
476 1818
1060 1819
106 1820
389 1821
509 1822
707 1823
1012 1824
244 1825
985 1826
285 1827
756 1828
1017 1829
933 1830
236 1831
1215 1832
460 1833
573 1834
1077 1835
1303 1836
706 1837
670 1838
565 1839
1229 1840
212 1841
555 1842
1206 1843
798 1844
1139 1845
1209 1846
940 1847
998 1848
1305 1849
1489 1850
1078 1851
1219 1852
1248 1853
574 1854
1302 1855
740 1856
934 1857
1283 1858
753 1859
507 1860
651 1861
1030 1862
1315 1863
615 1864
921 1865
887 1866
877 1867
1193 1868
152 1869
1149 1870
30 1871
256 1872
860 1873
138 1874
976 1875
819 1876
1070 1877
166 1878
654 1879
467 1880
163 1881
167 1882
1183 1883
1246 1884
441 1885
424 1886
513 1887
1555 1888
664 1889
165 1890
1441 1891
1099 1892
730 1893
114 1894
521 1895
700 1896
529 1897
1524 1898
16 1899
519 1900
704 1901
855 1902
371 1903
190 1904
1159 1905
1174 1906
947 1907
810 1908
702 1909
792 1910
936 1911
878 1912
1020 1913
641 1914
514 1915
208 1916
490 1917
497 1918
712 1919
608 1920
661 1921
503 1922
611 1923
517 1924
945 1925
972 1926
607 1927
646 1928
836 1929
525 1930
434 1931
489 1932
494 1933
1279 1934
539 1935
749 1936
1063 1937
873 1938
967 1939
394 1940
1018 1941
673 1942
1222 1943
1231 1944
872 1945
688 1946
321 1947
874 1948
991 1949
989 1950
263 1951
457 1952
948 1953
994 1954
103 1955
370 1956
767 1957
758 1958
978 1959
671 1960
445 1961
320 1962
637 1963
635 1964
668 1965
440 1966
439 1967
438 1968
437 1969
859 1970
444 1971
674 1972
675 1973
1142 1974
534 1975
589 1976
374 1977
1088 1978
1278 1979
1049 1980
1058 1981
1151 1982
808 1983
888 1984
901 1985
894 1986
350 1987
752 1988
20 1989
1007 1990
736 1991
1296 1992
659 1993
1029 1994
1093 1995
1185 1996
804 1997
253 1998
146 1999
130 2000
36 2001
247 2002
45 2003
115 2004
35 2005
113 2006
149 2007
37 2008
75 2009
6 2010
18 2011
1061 2012
900 2013
344 2014
846 2015
1041 2016
487 2017
1103 2018
1368 2019
1163 2020
297 2021
950 2022
1128 2023
1048 2024
1008 2025
764 2026
1057 2027
606 2028
965 2029
1071 2030
488 2031
723 2032
1167 2033
499 2034
960 2035
1154 2036
811 2037
1386 2038
1187 2039
1353 2040
1335 2041
923 2042
645 2043
614 2044
1427 2045
1181 2046
745 2047
667 2048
1214 2049
1597 2050
650 2051
869 2052
491 2053
493 2054
648 2055
502 2056
1230 2057
793 2058
1134 2059
1412 2060
579 2061
505 2062
1021 2063
644 2064
390 2065
1001 2066
1298 2067
896 2068
632 2069
468 2070
1251 2071
1252 2072
867 2073
1066 2074
630 2075
1133 2076
937 2077
847 2078
695 2079
1437 2080
1250 2081
372 2082
1336 2083
1266 2084
464 2085
1121 2086
1195 2087
638 2088
1444 2089
862 2090
1487 2091
971 2092
1182 2093
1247 2094
1271 2095
1224 2096
805 2097
1032 2098
556 2099
832 2100
1411 2101
1205 2102
1242 2103
1113 2104
1501 2105
1495 2106
666 2107
1072 2108
594 2109
1288 2110
1087 2111
1108 2112
1435 2113
1204 2114
609 2115
1534 2116
1255 2117
863 2118
1383 2119
1033 2120
1289 2121
620 2122
1212 2123
821 2124
278 2125
683 2126
308 2127
454 2128
1102 2129
1216 2130
1002 2131
377 2132
612 2133
1282 2134
280 2135
306 2136
1284 2137
1164 2138
602 2139
953 2140
1003 2141
610 2142
1517 2143
1249 2144
1446 2145
1509 2146
1270 2147
1425 2148
1297 2149
1076 2150
1285 2151
703 2152
1152 2153
1114 2154
1514 2155
1173 2156
1065 2157
1115 2158
587 2159
279 2160
958 2161
849 2162
1311 2163
1522 2164
1177 2165
997 2166
1225 2167
1378 2168
1333 2169
524 2170
1272 2171
1147 2172
966 2173
775 2174
422 2175
446 2176
1211 2177
1022 2178
837 2179
1126 2180
1050 2181
1269 2182
605 2183
617 2184
1203 2185
1138 2186
1381 2187
1085 2188
1075 2189
1286 2190
766 2191
906 2192
341 2193
884 2194
883 2195
309 2196
1038 2197
1316 2198
1375 2199
548 2200
639 2201
1268 2202
956 2203
362 2204
1045 2205
1324 2206
733 2207
799 2208
726 2209
1421 2210
1419 2211
1401 2212
1459 2213
1473 2214
1518 2215
1024 2216
1466 2217
1117 2218
1190 2219
905 2220
1558 2221
1615 2222
1116 2223
536 2224
1107 2225
1082 2226
903 2227
964 2228
1124 2229
1400 2230
791 2231
920 2232
1238 2233
714 2234
1148 2235
543 2236
1530 2237
621 2238
1620 2239
1295 2240
359 2241
1392 2242
1393 2243
1442 2244
868 2245
1100 2246
1531 2247
1474 2248
870 2249
593 2250
1439 2251
1440 2252
1438 2253
1179 2254
1068 2255
1322 2256
1379 2257
970 2258
1227 2259
889 2260
962 2261
954 2262
999 2263
1161 2264
618 2265
1150 2266
701 2267
698 2268
835 2269
1015 2270
1299 2271
1171 2272
533 2273
296 2274
1434 2275
886 2276
968 2277
1326 2278
1328 2279
337 2280
1394 2281
1395 2282
360 2283
885 2284
882 2285
1385 2286
1380 2287
1367 2288
1346 2289
1388 2290
1344 2291
1165 2292
1198 2293
927 2294
1097 2295
1355 2296
1281 2297
1399 2298
1462 2299
1192 2300
1451 2301
1127 2302
1475 2303
1069 2304
557 2305
1456 2306
1449 2307
1176 2308
1479 2309
782 2310
1397 2311
848 2312
1169 2313
935 2314
1511 2315
1175 2316
1233 2317
1409 2318
1396 2319
1405 2320
1184 2321
1404 2322
1313 2323
909 2324
1592 2325
1200 2326
1468 2327
1111 2328
1527 2329
361 2330
1512 2331
1241 2332
893 2333
314 2334
351 2335
908 2336
904 2337
899 2338
891 2339
1454 2340
1406 2341
1591 2342
1062 2343
1234 2344
1529 2345
1294 2346
1431 2347
1237 2348
1243 2349
